-1.0450801	1.779175	1.668091	1.579285
-1.0297057	1.751735	1.661343	1.551679
-1.0143313	1.725972	1.650153	1.526625
-0.9989569	1.702621	1.632513	1.506212
-0.98358255	1.68101	1.609384	1.491296
-0.96820815	1.659723	1.583843	1.479601
-0.95283375	1.637343	1.559158	1.467425
-0.9374594	1.613363	1.537084	1.452422
-0.922085	1.588436	1.517865	1.435901
-0.9067106	1.563743	1.500561	1.420974
-0.8913362	1.541017	1.485211	1.408609
-0.87596185	1.520947	1.472142	1.396763
-0.86058745	1.503967	1.461498	1.383083
-0.84521305	1.488455	1.452075	1.367108
-0.82983865	1.473023	1.441843	1.351296
-0.8144643	1.45579	1.428991	1.337047
-0.7990899	1.436805	1.41189	1.325066
-0.7837155	1.416664	1.390415	1.313209
-0.76834115	1.39688	1.365767	1.300912
-0.75296675	1.378667	1.340863	1.287559
-0.73759235	1.362576	1.317945	1.274075
-0.72221795	1.348225	1.298319	1.259577
-0.7068436	1.33401	1.282028	1.244383
-0.6914692	1.317934	1.268684	1.228495
-0.6760948	1.299194	1.25691	1.213726
-0.66072045	1.278261	1.244989	1.199213
-0.64534605	1.257531	1.231512	1.185401
-0.62997165	1.237612	1.216385	1.17114
-0.61459725	1.220157	1.198666	1.158089
-0.5992229	1.205908	1.178725	1.144684
-0.5838485	1.198715	1.15743	1.130597
-0.5684741	1.198158	1.139564	1.114031
-0.55309975	1.200377	1.126464	1.097133
-0.53772535	1.196794	1.116552	1.081769
-0.52235095	1.183483	1.104054	1.069287
-0.50697655	1.162561	1.0871	1.058259
-0.4916022	1.140103	1.067249	1.046384
-0.4762278	1.120278	1.047819	1.033951
-0.4608534	1.103889	1.030157	1.021691
-0.44547905	1.089738	1.01428	1.01104
-0.43010465	1.075198	1.000287	1.000091
-0.41473025	1.057954	0.988525	0.987036
-0.39935585	1.036644	0.978748	0.970749
-0.3839815	1.014446	0.969069	0.951742
-0.3686071	0.993637	0.956549	0.931958
-0.3532327	0.977086	0.938295	0.911481
-0.3378583	0.960049	0.914201	0.890748
-0.32248395	0.937918	0.886359	0.868368
-0.30710955	0.905411	0.857559	0.845213
-0.29173515	0.866552	0.828876	0.821695
-0.2763608	0.829773	0.799534	0.798969
-0.2609864	0.802974	0.769544	0.775855
-0.245612	0.786709	0.739057	0.750789
-0.2302376	0.773873	0.710363	0.722264
-0.21486325	0.755623	0.684163	0.691472
-0.19948885	0.7259	0.66193	0.660596
-0.18411445	0.687109	0.642565	0.631439
-0.1687401	0.647033	0.625019	0.603257
-0.1533657	0.61482	0.606524	0.574785
-0.1379913	0.591634	0.585621	0.546261
-0.1226169	0.57335	0.561599	0.519737
-0.10724255	0.552334	0.535681	0.496845
-0.09186815	0.526417	0.509222	0.477024
-0.07649375	0.49648	0.483854	0.45877
-0.0611194	0.467401	0.46065	0.441646
-0.045745	0.442505	0.44122	0.426523
-0.0303706	0.424537	0.427254	0.414821
-0.0149962	0.41441	0.420559	0.407402
3.78150000000001E-4	0.413295	0.421734	0.405386
0.01575255	0.422781	0.430219	0.409482
0.03112695	0.443718	0.444701	0.419398
0.0465013	0.47549	0.464161	0.43315
0.0618757	0.514568	0.488051	0.448281
0.0772501	0.557616	0.5158	0.464089
0.0926245	0.601844	0.547026	0.482622
0.10799885	0.646027	0.581503	0.507172
0.12337325	0.686698	0.619194	0.539208
0.13874765	0.719601	0.658841	0.575844
0.15412205	0.740907	0.697587	0.61167
0.1694964	0.753223	0.732169	0.641649
0.1848708	0.762344	0.76124	0.665479
0.2002452	0.777234	0.787252	0.686156
0.21561955	0.80271	0.81497	0.70858
0.23099395	0.841577	0.849153	0.734724
0.24636835	0.890228	0.891	0.76494
0.26174275	0.942895	0.939075	0.797266
0.2771171	0.992499	0.990122	0.832135
0.2924915	1.037794	1.042605	0.870241
0.3078659	1.084467	1.096941	0.914729
0.32324025	1.142744	1.155693	0.965911
0.33861465	1.218198	1.220598	1.025097
0.35398905	1.306552	1.290837	1.090623
0.36936345	1.39572	1.362218	1.161525
0.3847378	1.47603	1.432714	1.232469
0.4001122	1.544054	1.502105	1.299457
0.4154866	1.601118	1.57459	1.36001
0.43086095	1.645847	1.647697	1.413295
0.44623535	1.676191	1.715536	1.456992
0.46160975	1.69009	1.765973	1.485226
0.47698415	1.690791	1.793578	1.499513
0.4923585	1.682638	1.798623	1.504566
0.5077329	1.671418	1.787	1.510782
0.5231073	1.658661	1.761456	1.516332
0.53848165	1.642682	1.720438	1.516562
0.55385605	1.618709	1.662959	1.501397
0.56923045	1.582773	1.594121	1.471987
0.58460485	1.534929	1.525306	1.432744
0.5999792	1.479801	1.465838	1.393779
0.6153536	1.42583	1.418789	1.359942
0.630728	1.379982	1.380977	1.334311
0.6461024	1.343919	1.350636	1.315055
0.66147675	1.314727	1.327364	1.299872
0.67685115	1.289149	1.31229	1.285898
0.69222555	1.26819	1.303112	1.272813
0.7075999	1.254468	1.297125	1.262542
0.7229743	1.248919	1.291244	1.256895
0.7383487	1.24957	1.283976	1.256017
0.7537231	1.252566	1.274512	1.25775
0.76909745	1.255806	1.263707	1.260263
0.78447185	1.257196	1.254864	1.262572
0.79984625	1.258281	1.252178	1.264317
0.8152206	1.260602	1.257897	1.266204
0.830595	1.266366	1.270729	1.269102
0.8459694	1.274301	1.287039	1.274953
0.8613438	1.283373	1.304012	1.282823
0.87671815	1.294081	1.320349	1.291511
0.89209255	1.308937	1.336259	1.299035
0.90746695	1.327598	1.351578	1.307155
0.9228413	1.34737	1.366555	1.31698
0.9382157	1.364829	1.381621	1.329805
0.9535901	1.38141	1.398338	1.344736
0.9689645	1.399702	1.417474	1.361856
0.98433885	1.420898	1.438599	1.38031
