0	0.073936
0.390625	0.048524
0.78125	0.0852
1.171876	0.093268
1.562501	0.042017
1.953126	0.102133
2.343751	0.103645
2.734377	0.1044
3.125002	0.131536
3.515627	0.143632
3.906252	0
4.296877	0.218401
4.687503	0.10325
5.078128	0.099464
5.468753	0.109204
5.859378	0.094621
6.250003	0.111417
6.640629	0.114602
7.031254	0.122029
7.421879	0.137269
7.812504	0.136755
8.20313	0.168335
8.593755	0.154881
8.98438	0.199231
9.375005	0.191405
9.76563	0.222814
10.156256	0.24204
10.546881	0.43762
10.937506	1.133065
11.328131	1.582084
11.718757	1.837524
12.109382	1.998654
12.500007	2.05476
12.890632	2.130819
13.281257	2.165415
13.671883	2.192827
14.062508	2.188059
14.453133	2.186106
14.843758	2.209819
15.234383	2.223491
15.625009	2.233549
16.015634	2.240709
16.406259	2.232114
16.796884	2.205623
17.18751	2.200513
17.578135	2.221071
17.96876	2.227303
18.359385	2.201355
18.75001	2.126088
19.140636	2.167185
19.531261	2.198955
19.921886	2.219257
20.312511	2.266653
20.703137	2.284727
21.093762	2.28419
21.484387	2.280753
21.875012	2.227997
22.265637	2.180912
22.656263	2.195201
23.046888	2.215876
23.437513	2.237935
23.828138	2.238527
24.218763	2.280498
24.609389	2.288861
25.000014	2.266472
25.390639	2.256181
25.781264	2.227994
26.17189	2.191194
26.562515	2.143639
26.95314	2.010343
27.343765	1.760597
27.73439	1.397972
28.125016	0.750357
28.515641	0.483343
28.906266	0.399111
29.296891	0.386251
29.687517	0.359065
30.078142	0.348976
30.468767	0.327418
30.859392	0.333669
31.250017	0.338449
31.640643	0.341044
32.031268	0.335027
32.421893	0.359676
32.812518	0.367856
33.203143	0.372423
33.593769	0.392658
33.984394	0.373573
34.375019	0.382296
34.765644	0.208154
35.15627	0.251072
35.546895	0.608175
35.93752	0.213945
36.328145	0.26459
36.71877	0.326619
37.109396	0.44788
37.500021	0.317002
37.890646	0.459603
38.281271	0.348636
38.671897	0.518289
39.062522	0.517931
39.453147	0.50039
39.843772	0.539939
40.234397	0.631578
40.625023	0.613909
41.015648	0.629049
41.406273	0.577729
41.796898	0.545649
42.187523	0.515669
42.578149	0.542778
