0.833638666666667	146.179199	219.421387	144.348145
0.830274666666666	210.266113	215.759277	209.04541
0.826911	214.84375	210.876465	214.233398
0.823547333333333	212.097168	214.233398	209.960938
0.820183666666667	210.266113	215.148926	209.04541
0.81682	211.791992	210.266113	206.604004
0.813456333333333	210.876465	207.214355	206.298828
0.810092666666666	209.350586	208.435059	203.857422
0.806729	208.740234	207.824707	204.772949
0.803365333333333	208.129883	206.90918	203.24707
0.800001666666667	205.993652	207.519531	201.721191
0.796638	204.772949	201.11084	199.890137
0.793274333333333	201.416016	198.364258	199.279785
0.789910666666667	200.195313	196.228027	196.228027
0.786547	200.805664	196.838379	196.228027
0.783183333333333	196.533203	198.974609	195.007324
0.779819666666667	193.17627	196.228027	193.481445
0.776455666666667	191.345215	191.040039	191.040039
0.773092	187.988281	187.988281	187.37793
0.769728333333333	185.546875	183.71582	184.631348
0.766364666666667	182.495117	185.241699	182.189941
0.763001	177.91748	182.800293	179.138184
0.759637333333333	175.78125	181.884766	176.696777
0.756273666666667	173.64502	179.138184	175.78125
0.75291	169.372559	178.527832	172.424316
0.749546333333333	166.320801	173.950195	170.288086
0.746182666666667	162.963867	171.813965	167.541504
0.742819	161.743164	170.593262	165.100098
0.739455333333333	157.470703	168.762207	163.574219
0.736091666666666	155.944824	166.931152	162.04834
0.732728	154.418945	164.489746	158.996582
0.729364333333333	152.282715	162.963867	157.775879
0.726000333333333	150.756836	159.606934	155.334473
0.722636666666667	147.705078	157.165527	153.808594
0.719273	148.31543	156.25	151.672363
0.715909333333333	145.263672	154.418945	150.45166
0.712545666666667	144.042969	153.198242	150.146484
0.709182	143.127441	151.977539	148.31543
0.705818333333333	142.51709	152.282715	147.399902
0.702454666666667	142.51709	151.367188	146.789551
0.699091	143.432617	151.062012	148.010254
0.695727333333333	144.348145	151.367188	148.31543
0.692363666666667	144.958496	150.146484	147.399902
0.689	144.348145	148.925781	148.31543
0.685636333333333	144.65332	149.841309	147.705078
0.682272666666667	145.568848	149.841309	148.620605
0.678909	146.179199	149.536133	147.094727
0.675545333333333	148.31543	149.841309	148.010254
0.672181333333334	148.620605	150.756836	148.620605
0.668817666666667	148.925781	150.45166	148.010254
0.665454	147.705078	150.45166	148.31543
0.662090333333333	147.705078	149.536133	146.484375
0.658726666666667	146.789551	148.620605	145.874023
0.655363	146.484375	148.31543	144.65332
0.651999333333333	147.094727	147.094727	143.737793
0.648635666666667	147.399902	146.484375	142.822266
0.645272	146.484375	143.737793	141.906738
0.641908333333333	145.263672	142.822266	140.075684
0.638544666666667	143.127441	141.296387	137.634277
0.635181	141.906738	140.075684	138.244629
0.631817333333333	140.380859	138.549805	136.413574
0.628453666666667	139.160156	137.023926	136.71875
0.62509	137.329102	135.803223	134.58252
0.621726	136.413574	134.277344	132.751465
0.618362333333333	134.58252	131.530762	132.141113
0.614998666666667	132.751465	130.310059	130.615234
0.611635	131.835938	130.310059	129.699707
0.608271333333333	130.615234	129.699707	128.479004
0.604907666666667	130.310059	128.173828	127.563477
0.601544	129.089355	127.563477	128.173828
0.598180333333333	129.394531	126.953125	126.647949
0.594816666666667	128.479004	126.342773	126.953125
0.591453	127.563477	126.037598	125.427246
0.588089333333333	126.647949	125.427246	124.511719
0.584725666666667	126.037598	125.12207	124.511719
0.581362	126.953125	125.732422	124.206543
0.577998333333333	126.953125	124.816895	122.98584
0.574634666666667	125.427246	123.901367	122.98584
0.571271	125.12207	122.680664	122.375488
0.567907	124.511719	122.375488	122.375488
0.564543333333333	123.291016	122.680664	121.765137
0.561179666666667	122.98584	123.291016	120.544434
0.557816	122.680664	121.459961	120.544434
0.554452333333333	121.765137	121.154785	119.934082
0.551088666666667	120.849609	120.239258	119.018555
0.547725	119.934082	119.32373	117.797852
0.544361333333333	117.797852	118.713379	117.797852
0.540997666666667	117.1875	117.797852	117.492676
0.537634	116.577148	117.492676	116.577148
0.534270333333333	114.746094	116.271973	115.356445
0.530906666666667	113.830566	114.135742	114.440918
0.527543	111.999512	113.830566	112.915039
0.524179333333333	110.473633	112.304688	112.304688
0.520815666666667	108.947754	111.38916	110.778809
0.517452	108.032227	110.778809	109.558105
0.514088	107.116699	110.473633	107.727051
0.510724333333333	105.59082	108.947754	107.116699
0.507360666666667	103.759766	108.032227	104.980469
0.503997	103.45459	106.811523	104.980469
0.500633333333333	102.844238	106.506348	104.064941
0.497269666666667	101.318359	106.201172	103.45459
0.493906	101.318359	105.285645	103.149414
0.490542333333333	100.708008	105.285645	103.149414
0.487178666666667	99.79248	105.59082	102.844238
0.483815	99.487305	104.675293	101.928711
0.480451333333333	99.182129	104.064941	101.928711
0.477087666666667	98.571777	104.370117	101.318359
0.473724	99.182129	104.370117	101.623535
0.470360333333333	98.266602	103.45459	101.013184
0.466996666666667	98.266602	102.539063	100.097656
0.463632666666667	98.266602	102.539063	100.402832
0.460269	97.961426	102.233887	100.097656
0.456905333333333	97.961426	102.539063	100.097656
0.453541666666667	97.65625	102.539063	99.182129
0.450178	98.266602	102.539063	98.876953
0.446814333333333	98.266602	101.928711	98.876953
0.443450666666667	97.961426	101.623535	98.266602
0.440087	98.266602	101.013184	98.266602
0.436723333333333	97.351074	99.79248	98.266602
0.433359666666667	97.045898	100.402832	97.961426
0.429996	96.740723	99.182129	97.65625
0.426632333333333	96.740723	99.182129	97.351074
0.423268666666667	95.52002	98.571777	96.435547
0.419905	96.130371	97.961426	95.825195
0.416541333333333	95.214844	97.045898	95.825195
0.413177666666667	93.994141	96.435547	94.909668
0.409813666666667	93.383789	96.435547	94.299316
0.40645	92.468262	95.52002	94.299316
0.403086333333333	91.85791	94.604492	93.383789
0.399722666666667	91.85791	93.994141	93.383789
0.396359	91.247559	93.383789	92.163086
0.392995333333333	90.026855	93.078613	92.163086
0.389631666666667	89.416504	92.468262	91.247559
0.386268	88.806152	91.85791	90.637207
0.382904333333333	87.890625	91.552734	90.026855
0.379540666666667	87.585449	90.942383	89.416504
0.376177	86.975098	90.332031	88.806152
0.372813333333333	86.669922	89.416504	88.500977
0.369449666666667	86.05957	89.72168	87.890625
0.366086	86.05957	89.111328	87.890625
0.362722333333333	85.144043	88.500977	87.890625
0.359358666666667	85.144043	88.806152	87.280273
0.355994666666667	85.449219	88.806152	87.280273
0.352631	85.144043	88.500977	86.975098
0.349267333333333	85.144043	87.280273	86.364746
0.345903666666667	84.228516	87.585449	86.364746
0.34254	83.92334	87.280273	86.364746
0.339176333333333	83.92334	87.280273	86.364746
0.335812666666667	83.92334	87.280273	85.754395
0.332449	83.618164	86.975098	85.754395
0.329085333333333	83.92334	86.975098	85.754395
0.325721666666667	83.618164	86.669922	85.754395
0.322358	83.618164	86.669922	85.144043
0.318994333333333	83.312988	86.669922	85.144043
0.315630666666667	83.312988	86.669922	84.838867
0.312267	83.618164	85.754395	84.228516
0.308903333333333	83.618164	85.754395	83.92334
0.305539333333333	83.312988	85.144043	83.92334
0.302175666666667	82.092285	84.838867	83.92334
0.298812	81.481934	83.92334	83.007813
0.295448333333333	81.481934	83.618164	82.397461
0.292084666666667	80.566406	83.312988	81.787109
0.288721	80.26123	82.397461	81.176758
0.285357333333333	79.650879	81.481934	80.871582
0.281993666666667	79.040527	80.871582	80.566406
0.27863	78.125	80.26123	79.650879
0.275266333333333	77.209473	79.650879	79.345703
0.271902666666667	76.599121	79.345703	78.430176
0.268539	75.98877	78.735352	78.125
0.265175333333333	75.378418	78.430176	77.514648
0.261811666666667	75.073242	77.209473	76.599121
0.258448	73.852539	76.904297	76.293945
0.255084333333333	73.242188	76.599121	76.293945
0.251720333333333	72.631836	76.599121	75.073242
0.248356666666667	72.32666	75.378418	74.462891
0.244993	72.021484	75.073242	73.547363
0.241629333333333	71.411133	74.157715	72.937012
0.238265666666667	70.800781	73.852539	72.631836
0.234902	69.885254	73.242188	72.021484
0.231538333333333	69.580078	72.631836	71.411133
0.228174666666667	69.274902	72.021484	70.800781
0.224811	68.054199	71.411133	69.885254
0.221447333333333	67.749023	70.495605	69.580078
0.218083666666667	67.138672	69.885254	68.969727
0.21472	66.833496	68.664551	68.664551
0.211356333333333	65.002441	68.664551	68.054199
0.207992666666667	64.39209	67.749023	66.833496
0.204629	63.781738	67.138672	65.917969
0.201265333333333	63.171387	65.917969	65.307617
0.197901333333333	62.866211	65.307617	64.697266
0.194537666666667	62.561035	64.697266	64.39209
0.191174	61.645508	64.39209	63.476563
0.187810333333333	61.035156	63.476563	63.171387
0.184446666666667	60.119629	63.476563	61.950684
0.181083	59.814453	62.866211	61.340332
0.177719333333333	59.509277	61.645508	61.035156
0.174355666666667	58.898926	61.645508	60.424805
0.170992	58.59375	61.035156	60.424805
0.167628333333333	58.288574	60.72998	59.814453
0.164264666666667	57.678223	60.424805	59.204102
0.160901	57.983398	59.814453	58.59375
0.157537333333333	57.067871	59.509277	58.898926
0.154173666666667	57.067871	58.59375	58.59375
0.15081	56.45752	58.288574	58.288574
0.147446	56.45752	57.983398	57.678223
0.144082333333333	55.847168	57.678223	57.678223
0.140718666666667	55.541992	57.983398	57.067871
0.137355	55.236816	57.373047	57.373047
0.133991333333333	55.541992	57.067871	56.762695
0.130627666666667	54.931641	56.762695	56.45752
0.127264	54.931641	56.45752	56.152344
0.123900333333333	54.626465	56.152344	56.152344
0.120536666666667	54.626465	56.45752	55.541992
0.117173	54.626465	56.152344	55.236816
0.113809333333333	54.321289	55.847168	55.236816
0.110445666666667	54.626465	55.541992	55.541992
0.107082	54.931641	55.541992	55.236816
0.103718333333333	54.321289	55.541992	55.236816
0.100354666666667	54.321289	55.541992	54.626465
0.096991	54.321289	55.541992	54.626465
0.093627	54.016113	55.236816	54.626465
0.0902633333333333	54.321289	54.931641	54.626465
0.0868996666666667	54.321289	54.931641	54.931641
0.083536	54.016113	54.626465	54.931641
0.0801723333333333	54.321289	54.931641	54.931641
0.0768086666666667	54.016113	54.931641	54.931641
0.073445	54.016113	55.236816	54.931641
0.0700813333333333	54.321289	55.236816	55.236816
0.0667176666666667	54.321289	55.236816	55.236816
0.063354	54.321289	55.236816	55.541992
0.0599903333333333	54.321289	55.236816	54.931641
0.0566266666666667	54.626465	55.541992	55.236816
0.053263	54.321289	55.847168	54.931641
0.0498993333333333	54.626465	56.152344	54.931641
0.0465356666666667	54.321289	55.847168	55.541992
0.0431716666666667	54.931641	56.152344	55.541992
0.039808	55.236816	56.152344	55.847168
0.0364443333333333	55.236816	56.152344	55.541992
0.0330806666666667	54.931641	56.45752	55.236816
0.029717	55.236816	56.45752	55.541992
0.0263533333333333	55.236816	56.762695	56.152344
0.0229896666666667	55.236816	56.152344	56.152344
0.019626	55.236816	55.847168	56.152344
0.0162623333333333	55.236816	55.541992	56.152344
0.0128986666666667	54.931641	55.847168	56.152344
0.009535	54.931641	55.847168	55.236816
0.00617133333333333	54.321289	55.847168	55.541992
0.00280766666666667	54.626465	55.541992	55.236816
-5.56E-4	54.626465	55.541992	55.236816
-0.00391966666666667	55.236816	55.236816	55.541992
-0.00728333333333333	54.626465	55.541992	55.236816
-0.0106473333333333	54.626465	55.541992	54.626465
-0.014011	54.321289	55.541992	54.931641
-0.0173746666666667	54.321289	55.541992	54.626465
-0.0207383333333333	54.016113	54.931641	54.931641
-0.024102	54.626465	55.236816	54.626465
-0.0274656666666667	54.321289	54.931641	54.321289
-0.0308293333333333	54.016113	54.931641	54.016113
-0.034193	53.405762	54.626465	54.321289
-0.0375566666666667	53.405762	54.626465	54.016113
-0.0409203333333333	52.79541	54.016113	54.016113
-0.044284	52.79541	53.710938	53.710938
-0.0476476666666667	52.490234	53.405762	53.710938
-0.0510113333333333	51.879883	53.405762	53.405762
-0.054375	51.574707	53.100586	53.100586
-0.0577386666666667	51.574707	53.100586	53.100586
-0.0611023333333333	50.65918	52.79541	53.100586
-0.0644663333333333	50.65918	52.79541	52.79541
-0.06783	50.65918	52.490234	52.79541
-0.0711936666666667	50.65918	52.185059	52.79541
-0.0745573333333333	50.048828	52.185059	52.490234
-0.077921	50.048828	52.79541	51.879883
-0.0812846666666667	50.048828	52.79541	51.879883
-0.0846483333333333	49.743652	52.490234	52.185059
-0.088012	49.743652	52.490234	52.490234
-0.0913756666666667	50.048828	52.490234	52.185059
-0.0947393333333333	50.354004	52.79541	52.185059
-0.098103	50.354004	52.490234	52.185059
-0.101466666666667	50.048828	53.405762	52.490234
-0.104830333333333	50.354004	53.405762	53.100586
-0.108194	50.354004	53.100586	53.100586
-0.111557666666667	50.354004	53.100586	53.100586
-0.114921666666667	50.65918	53.100586	53.100586
-0.118285333333333	50.65918	53.710938	53.100586
-0.121649	50.354004	53.710938	53.405762
-0.125012666666667	49.743652	53.710938	53.100586
-0.128376333333333	49.438477	53.100586	53.100586
-0.13174	49.743652	53.405762	53.405762
-0.135103666666667	50.048828	53.100586	53.100586
-0.138467333333333	49.743652	53.100586	52.490234
-0.141831	49.743652	53.405762	52.185059
-0.145194666666667	49.133301	53.405762	52.490234
-0.148558333333333	49.438477	52.79541	52.185059
-0.151922	48.828125	52.79541	52.490234
-0.155285666666667	48.522949	52.490234	51.879883
-0.158649333333333	48.522949	52.79541	51.879883
-0.162013	49.133301	52.185059	51.574707
-0.165376666666667	48.828125	52.185059	51.574707
-0.168740666666667	48.522949	52.185059	51.879883
-0.172104333333333	48.217773	52.185059	51.879883
-0.175468	48.522949	51.574707	51.879883
-0.178831666666667	48.522949	51.574707	51.574707
-0.182195333333333	48.522949	51.574707	51.879883
-0.185559	48.522949	51.879883	51.879883
-0.188922666666667	48.828125	51.574707	51.574707
-0.192286333333333	47.912598	51.879883	51.574707
-0.19565	48.217773	51.574707	51.269531
-0.199013666666667	47.912598	51.574707	51.574707
-0.202377333333333	48.217773	51.269531	50.964355
-0.205741	47.912598	51.879883	50.964355
-0.209104666666667	48.522949	51.879883	50.964355
-0.212468333333333	48.217773	51.574707	51.269531
-0.215832	48.217773	51.269531	51.574707
-0.219195666666667	47.607422	51.269531	50.964355
-0.222559666666667	47.912598	51.269531	50.65918
-0.225923333333333	48.217773	51.269531	51.269531
-0.229287	48.217773	51.269531	50.65918
-0.232650666666667	48.217773	51.269531	51.269531
-0.236014333333333	48.828125	50.964355	51.269531
-0.239378	48.217773	50.354004	51.269531
-0.242741666666667	48.217773	50.65918	50.65918
-0.246105333333333	48.522949	50.65918	50.65918
-0.249469	48.828125	50.964355	50.964355
-0.252832666666667	48.828125	50.964355	50.65918
-0.256196333333333	48.828125	50.964355	50.964355
-0.25956	48.828125	51.269531	50.964355
-0.262923666666667	48.522949	51.269531	50.964355
-0.266287333333333	48.828125	51.269531	50.964355
-0.269651	49.133301	51.574707	50.65918
-0.273015	49.438477	51.879883	51.574707
-0.276378666666667	49.743652	52.490234	51.574707
-0.279742333333333	49.743652	52.185059	51.879883
-0.283106	50.048828	52.490234	51.879883
-0.286469666666667	50.048828	52.490234	52.185059
-0.289833333333333	50.354004	52.79541	52.185059
-0.293197	50.65918	52.79541	52.185059
-0.296560666666667	50.964355	53.100586	52.79541
-0.299924333333333	50.964355	53.100586	53.405762
-0.303288	51.269531	53.100586	53.405762
-0.306651666666667	51.574707	53.405762	53.405762
-0.310015333333333	51.574707	54.016113	53.710938
-0.313379	51.879883	54.321289	53.710938
-0.316742666666667	52.185059	54.321289	54.016113
-0.320106333333333	52.490234	54.626465	54.016113
-0.32347	52.79541	54.626465	54.321289
-0.326834	53.100586	54.626465	54.626465
-0.330197666666667	53.100586	54.931641	54.321289
-0.333561333333333	53.405762	54.931641	54.626465
-0.336925	53.710938	55.847168	55.236816
-0.340288666666667	54.016113	56.152344	55.236816
-0.343652333333333	54.321289	56.152344	55.847168
-0.347016	54.626465	56.152344	55.847168
-0.350379666666667	54.626465	56.762695	56.45752
-0.353743333333333	55.236816	56.762695	56.152344
-0.357107	55.236816	57.373047	56.762695
-0.360470666666667	55.847168	57.678223	57.067871
-0.363834333333333	56.762695	57.983398	57.983398
-0.367198	57.067871	57.983398	57.678223
-0.370561666666667	57.067871	58.288574	57.983398
-0.373925333333333	57.067871	58.59375	58.288574
-0.377289	57.983398	59.509277	58.898926
-0.380653	58.288574	59.814453	58.898926
-0.384016666666667	58.288574	59.814453	59.509277
-0.387380333333333	58.898926	60.424805	60.119629
-0.390744	59.204102	61.035156	60.119629
-0.394107666666667	59.204102	61.035156	60.424805
-0.397471333333333	59.509277	61.645508	61.340332
-0.400835	60.424805	62.561035	61.340332
-0.404198666666667	60.72998	63.171387	62.255859
-0.407562333333333	61.340332	63.476563	62.561035
-0.410926	61.950684	63.781738	62.866211
-0.414289666666667	61.950684	64.697266	63.171387
-0.417653333333333	62.255859	65.307617	63.781738
-0.421017	63.171387	65.917969	64.39209
-0.424380666666667	63.476563	66.223145	65.612793
-0.427744333333333	64.697266	67.443848	66.223145
-0.431108333333333	65.002441	68.054199	67.138672
-0.434472	65.917969	68.969727	67.749023
-0.437835666666667	66.52832	69.580078	68.664551
-0.441199333333333	67.138672	71.411133	69.580078
-0.444563	68.359375	72.021484	71.105957
-0.447926666666667	69.274902	73.852539	72.021484
-0.451290333333333	70.19043	74.462891	73.242188
-0.454654	71.411133	76.293945	74.462891
-0.458017666666667	72.937012	77.514648	75.378418
-0.461381333333333	74.157715	79.345703	77.209473
-0.464745	75.073242	80.871582	79.040527
-0.468108666666667	76.904297	83.618164	80.871582
-0.471472333333333	78.430176	85.144043	83.007813
-0.474836	79.956055	86.975098	84.838867
-0.478199666666667	82.397461	89.111328	87.280273
-0.481563333333333	84.533691	91.552734	89.72168
-0.484927333333333	86.364746	93.994141	91.85791
-0.488291	88.195801	96.130371	94.604492
-0.491654666666667	90.332031	98.571777	97.351074
-0.495018333333333	92.773438	101.013184	99.79248
-0.498382	94.299316	103.149414	101.928711
-0.501745666666667	96.435547	105.59082	104.675293
-0.505109333333333	97.65625	108.032227	106.201172
-0.508473	98.571777	109.558105	108.337402
-0.511836666666667	100.097656	111.38916	110.168457
-0.515200333333333	101.013184	113.220215	111.999512
-0.518564	101.928711	114.135742	112.609863
-0.521927666666667	102.539063	114.746094	113.525391
-0.525291333333333	102.539063	115.356445	114.135742
-0.528655	101.928711	116.271973	114.440918
-0.532018666666667	102.233887	115.966797	114.440918
-0.535382666666667	101.928711	115.661621	113.830566
-0.538746333333333	100.708008	114.440918	112.609863
-0.54211	100.402832	113.830566	111.999512
-0.545473666666667	99.487305	111.999512	110.473633
-0.548837333333333	98.266602	110.473633	109.863281
-0.552201	97.65625	109.25293	109.558105
-0.555564666666667	96.740723	107.727051	107.727051
-0.558928333333333	96.130371	106.201172	106.201172
-0.562292	95.214844	104.064941	104.370117
-0.565655666666667	95.214844	102.539063	102.539063
-0.569019333333333	94.604492	101.623535	101.623535
-0.572383	93.994141	100.402832	100.402832
-0.575746666666667	93.383789	98.876953	99.182129
-0.579110333333333	92.468262	97.961426	97.961426
-0.582474	92.773438	97.045898	97.351074
-0.585837666666667	92.773438	96.740723	96.435547
-0.589201666666667	91.85791	95.825195	95.825195
-0.592565333333333	92.773438	96.130371	95.214844
-0.595929	92.468262	96.740723	95.52002
-0.599292666666667	92.468262	96.435547	94.909668
-0.602656333333333	92.163086	96.130371	94.909668
-0.60602	91.85791	96.740723	94.299316
-0.609383666666667	91.85791	96.740723	94.299316
-0.612747333333333	91.85791	96.740723	94.299316
-0.616111	92.468262	97.045898	95.52002
-0.619474666666667	92.163086	97.351074	96.130371
-0.622838333333333	92.468262	98.266602	96.740723
-0.626202	92.773438	99.182129	97.65625
-0.629565666666667	93.688965	99.487305	98.266602
-0.632929333333333	93.688965	100.708008	99.182129
-0.636293	94.299316	101.623535	100.097656
-0.639656666666667	94.604492	102.844238	101.318359
-0.643020666666667	94.604492	103.759766	101.928711
-0.646384333333333	94.909668	105.285645	103.149414
-0.649748	95.52002	105.285645	103.45459
-0.653111666666667	95.825195	107.421875	105.285645
-0.656475333333333	96.435547	108.337402	107.116699
-0.659839	97.045898	110.473633	108.642578
-0.663202666666667	96.740723	111.999512	108.947754
-0.666566333333333	97.961426	113.220215	110.473633
-0.66993	99.182129	114.135742	111.694336
-0.673293666666666	100.708008	115.966797	113.830566
-0.676657333333333	101.013184	116.882324	115.05127
-0.680021	101.623535	118.713379	116.271973
-0.683384666666667	102.844238	120.849609	117.1875
-0.686748333333333	104.370117	120.849609	118.408203
-0.690112	104.980469	122.98584	119.018555
-0.693476	107.116699	124.206543	119.934082
-0.696839666666667	108.947754	125.12207	120.544434
-0.700203333333333	108.947754	125.732422	122.375488
-0.703567	110.473633	126.647949	122.680664
-0.706930666666667	110.473633	127.258301	123.901367
-0.710294333333333	111.694336	127.563477	124.511719
-0.713658	111.999512	128.173828	125.732422
-0.717021666666667	113.220215	129.089355	126.037598
-0.720385333333333	114.135742	129.699707	126.647949
-0.723749	114.746094	131.225586	126.953125
-0.727112666666667	115.661621	131.530762	127.563477
-0.730476333333333	115.661621	132.751465	129.699707
-0.73384	115.661621	132.751465	128.78418
-0.737203666666667	115.356445	133.056641	129.394531
-0.740567333333333	116.271973	133.056641	130.615234
-0.743931	117.492676	134.277344	131.530762
-0.747295	117.492676	135.192871	131.530762
-0.750658666666667	119.018555	135.192871	131.835938
-0.754022333333333	118.713379	136.108398	131.530762
-0.757386	118.408203	135.803223	132.751465
-0.760749666666667	118.713379	135.498047	133.056641
-0.764113333333333	119.018555	136.108398	133.666992
-0.767477	118.713379	136.71875	133.056641
-0.770840666666667	119.628906	136.108398	133.361816
-0.774204333333333	119.32373	136.108398	133.666992
-0.777568	119.32373	136.413574	134.58252
-0.780931666666667	120.849609	136.71875	133.666992
-0.784295333333333	120.544434	137.023926	134.887695
-0.787659	121.765137	137.939453	134.277344
-0.791022666666667	122.070313	138.549805	134.277344
-0.794386333333333	120.849609	138.549805	134.277344
-0.79775	120.239258	138.549805	134.58252
-0.801114	121.459961	138.244629	134.58252
-0.804477666666667	121.765137	137.939453	135.192871
-0.807841333333333	121.459961	137.329102	135.498047
-0.811205	122.070313	137.939453	137.023926
-0.814568666666667	122.375488	137.939453	136.108398
-0.817932333333333	122.070313	138.85498	135.803223
-0.821296	121.765137	138.549805	137.023926
-0.824659666666667	122.375488	138.85498	137.023926
-0.828023333333333	122.98584	139.770508	137.023926
-0.831387	123.291016	140.991211	137.329102
-0.834750666666667	123.596191	142.51709	138.549805
-0.838114333333333	123.596191	142.211914	139.465332
